2581712281
2581712641
2582616539
2583009945
2581708585
2584519917
2581709570
2581709637
2582059443
2586622416
2581710602
2582624840
2582155092
2581729755
2581729757
2581715056
2582387915
2582396284
2582632364
2581861145
2581966586
2581716307
2582342066
2583330240
2582080978
2581717658
2583136877
2582878763
2581717996
2581718012
2581718017
2582218399
2583681216
2582218406
2582223971
2581718096
2582231359
2581718323
2581718404
2582827594
2583605506
2581718593
2581718600
2581718597
2581710914
2581718601
2582839121
2581718647
2583168775
2583015461
2581718778
2581765307
2581718947
2581719013
2581719104
2581719105
2581719158
2581719166
2581719182
2581719203
2584424276
2581719306
2581719393
2581770460
2582742199
2581719452
2581719465
2581719475
2582064960
2581719567
2586623798
2586623799
2581719588
2581719614
2581719618
2583736038
2581727059
2581719809
2581770612
2583088681
2581787642
2582986468
2582986467
2581720048
2583613315
2582779257
2582715831
2582375164
2582370881
2581720127
2581720152
2581972515
2581720261
2581720289
2581720295
2581720315
2581727269
2583502530
2582838434
2581729553
2581971769
2581720687
2581720795
2581720822
2581720852
2582391653
2581720922
2581715401
2581715408
2581733021
2582101944
2583002858
2581721144
2582634748
2581721191
2582209775
2581721313
2581721362
2581721366
2582043382
2585419496
2581721572
2581721625
2585548996
2581715566
2581715565
2581731546
2581715718
2581716130
2583087486
2582712681
2582707602
2583626311
2581721995
2581722007
2582945536
2581764938
2581722089
2581722111
2581722755
2581722770
2581729709
2581722933
2581722980
2581722977
2581723054
2581864012
2582517210
2581723176
2581723257
2583025700
2581712524
2581723686
2581725215
2584391060
2583605507
2581725839
2581725893
2582636000
2582018286
2582229482
2584204621
2581726226
2581728367
2581728419
2581728434
2581728446
2581728667
2581730521
2581770621
2582018285
2581732840
2581732859
2581735929
2582182090
2581737896
2581737895
2582341011
2581736224
2581736622
2581738219
2581738266
2581738309
2581738312
2581738375
2581826199
2581738821
2582503010
2581742158
2581742162
2581744402
2581744922
2581746920
2581747559
2581749972
2581751697
2581819943
2582511022
2581754884
2581755849
2581756596
2581757290
2581757541
2581762425
2581757718
2581757799
2582155026
2582299707
2581758121
2581927818
2581758242
2581758244
2581765495
2581758327
2581758626
2581758627
2581758658
2581758665
2581758791
2581758971
2581797281
2581759028
2583013576
2581762432
2581761347
2581763896
2581764732
2581769872
2581772680
2581772860
2581773490
2581773728
2581773776
2581774012
2581774489
2581774915
2581905125
2581799230
2581775327
2581775346
2581775410
2581775593
2581775602
2581775604
2581779044
2581781390
2581783427
2581825994
2581784340
2581786291
2581794904
2581788520
2581788941
2581789400
2581790560
2581791177
2581791782
2581791877
2581791901
2581791908
2581792310
2581792311
2581792320
2581792364
2581792588
2581792592
2581822171
2581792721
2581792748
2581792826
2581792841
2581794502
2581794612
2581794695
2581909504
2581796817
2581798394
2581799963
2581843180
2581801617
2581802059
2581802423
2581802532
2581802642
2581802646
2582151976
2581812471
2581814865
2581815682
2581842429
2581816629
2581816681
2581816698
2581817528
2581824224
2581817806
2581818028
2581818096
2581818188
2581818207
2581820155
2581818360
2581818491
2581818520
2581818523
2581818754
2581818752
2581818916
2581819175
2581819249
2581819316
2581819391
2581820554
2581820908
2581822913
2581949406
2581823168
2581823228
2581828656
2581829128
2582155030
2581829731
2581829821
2581829823
2581834654
2581837328
2581857910
2581837870
2581838533
2581838892
2581838970
2581839294
2581839545
2581839616
2581839622
2581839671
2581839730
2581839736
2581839817
2581839903
2581841194
2581841251
2581994059
2581842947
2581845368
2581846887
2581848111
2581848190
2581848255
2581848273
2581848293
2581848429
2581848430
2581848755
2581850083
2581850215
2581851690
2581852875
2581852952
2581854277
2581855461
2581856024
2581856306
2581856392
2581856576
2581861150
2581857488
2581857477
2581857482
2581857524
2581857582
2581857584
2581857654
2581857743
2581859211
2581860791
2581862026
2581864437
2581865328
2581865330
2581866605
2581866606
2581867799
2581867913
2581868790
2581869148
2581869215
2581872708
2582916191
2581872746
2581950837
2581873006
2581873692
2581874825
2581874829
2581874833
2581875051
2581926464
2581876808
2582619562
2582619564
2583131142
2583283049
2581877380
2581878393
2581949345
2581881590
2581881779
2583073254
2583320905
2583320904
2583320910
2583308510
2581882933
2581884338
2581884640
2581884718
2581874961
2581877889
2581877887
2581874966
2581877923
2583004322
2581921299
2581895053
2581879419
2581879638
2582054971
2581879808
2581879822
2581880302
2581880385
2581880546
2582104621
2582516242
2582516244
2581901142
2581883351
2581883479
2582322249
2581883649
2581883784
2583471197
2581884090
2581884116
2581884153
2582041786
2581893928
2582015705
2581884676
2581884678
2581971613
2581884903
2581884963
2581885059
2581885105
2581885106
2583178615
2582959665
2581885261
2582083105
2581885429
2581914770
2581885495
2581885546
2581885548
2585062822
2581885688
2581885751
2581885989
2593840068
2585062816
2582342551
2581886238
2581886259
2581886319
2581945212
2581886638
2581886640
2581886652
2582025885
2581886794
2581886796
2581886922
2581886947
2581886963
2581887182
2581888216
2581888285
2582275112
2581888705
2581888726
2581888905
2581890903
2581892567
2581892606
2581896956
2581897492
2581898342
2581898344
2581898389
2581918938
2581945438
2581900334
2581901770
2581903171
2581906157
2581912635
2581969130
2581993362
2581906846
2581907130
2581907741
2581908323
2582293306
2582299724
2581908534
2581908537
2581908668
2581908671
2581908764
2581908890
2581908915
2583090065
2581910372
2581912125
2581914336
2581914368
2581915559
2581916780
2581916919
2581916940
2581916946
2581916964
2581917120
2581917124
2581917231
2581920826
2581922886
2581923205
2581923413
2581923429
2581923517
2581923609
2581923802
2581924616
2581934721
2581924875
2581924878
2581924887
2581924925
2581929693
2581924992
2581924996
2581925111
2581925131
2581925219
2581926358
2581926394
2582391832
2581927723
2581930514
2581931413
2581931416
2581946217
2581931493
2581931496
2581934495
2581936833
2581937871
2581938478
2581939751
2581939783
2581939787
2581939793
2581940317
2581940673
2581940722
2581940789
2581938740
2581940946
2581941075
2581941079
2581941150
2581941191
2581941278
2581941280
2581941398
2581941413
2581941564
2581941675
2581941736
2581941765
2581941873
2581942788
2581942843
2581944190
2581946939
2582293303
2581947841
2581947843
2581948296
2581947880
2581947928
2581947937
2581951661
2581951959
2581961287
2581952468
2581952964
2581953068
2581953504
2581953740
2581953880
2581953881
2581953925
2581953989
2581953993
2581961820
2581954070
2581954158
2581954932
2581954911
2581955812
2581955858
2581956507
2581957408
2581957992
2581958995
2581959099
2581959116
2581959142
2581959169
2581959279
2581959281
2581966983
2581970748
2581960328
2581963137
2581963442
2581963594
2581963698
2581966558
2581964524
2581964527
2581964569
2581967967
2581964624
2581964625
2581964632
2581964696
2581964782
2581965492
2581966362
2581968582
2581969174
2581969176
2581971286
2582668061
2581973793
2582229500
2581973840
2582043959
2582242143
2581974076
2582489835
2581974178
2581975533
2582291211
2583152319
2582243544
2581979298
2581979963
2581980834
2582333166
2583046789
2583025306
2582485972
2581982160
2581982638
2582041547
2581984120
2582382363
2581979737
2583150586
2581980868
2581982629
2581983423
2581976751
2581984138
2581984136
2581984143
2581984152
2581984245
2581984298
2582012001
2582818330
2581984536
2581984610
2581984611
2581984743
2581984969
2581985056
2582737884
2582714068
2582845531
2581985402
2581985610
2581985707
2581985915
2581985928
2584155181
2581996333
2581986258
2582005783
2582282507
2581986314
2581986536
2581986657
2581986661
2581986795
2581986942
2582004014
2582000780
2581987124
2581987171
2581987177
2582099079
2581987325
2581987386
2583683828
2581987637
2581987711
2581987733
2583913522
2583913520
2581987984
2581988233
2581988244
2582024723
2581988412
2581988416
2581988587
2583312868
2582043958
2581989963
2582047620
2581990196
2581990256
2581990374
2581992466
2581994225
2581994386
2581997130
2581998677
2581998679
2581998700
2581998729
2582003664
2581998791
2581998798
2582044591
2581999038
2582000412
2582002343
2582002641
2582003529
2582003545
2582004505
2582004976
2582005071
2582005808
2582005913
2582006102
2582006799
2582299740
2582007033
2582007031
2582007180
2582007250
2582007253
2582007340
2582007453
2582007478
2582007514
2583045201
2582008427
2582009590
2582010401
2582010529
2582010521
2582012598
2582012821
2582013946
2582013964
2582014100
2582014125
2582014153
2582014192
2582014299
2582014301
2582014419
2582015632
2582014606
2582015257
2582016470
2582017357
2582017364
2582018729
2582019013
2582019148
2582019748
2582019864
2582948756
2582948759
2582020040
2582020455
2582020451
2582020554
2582020879
2582020878
2582020886
2582020929
2582020954
2582021000
2582021004
2582021105
2582021124
2582021210
2582022137
2582391849
2582107168
2582023062
2582023771
2582025147
2582025562
2582025938
2582026001
2582026101
2582026103
2582037777
2582029210
2582026175
2582026179
2582027177
2582027187
2582030228
2582243843
2582032768
2582033952
2582034380
2582034444
2582049031
2582047996
2582036015
2582036053
2582033094
2582033172
2582033198
2582033434
2582033446
2582033780
2582033763
2582034086
2582034115
2582034750
2582035040
2582035113
2582035352
2582035421
2582035496
2582036981
2582038194
2582039765
2582040457
2582426480
2582041172
2582041177
2582041266
2582041265
2582049960
2582041476
2582043790
2582045302
2582045532
2582045650
2582045777
2582046572
2582046611
2582046764
2582046903
2582046906
2582046999
2582047058
2582047064
2582047135
2582047224
2582047893
2582048715
2582050807
2582051010
2582052580
2582092606
2582051935
2582051952
2582051968
2582052100
2582052102
2582055048
2582056100
2582056379
2582056572
2582056694
2582057411
2582057412
2582057415
2582057453
2582060739
2582057505
2582057509
2582057516
2582057584
2582057676
2582058426
2582183412
2582059202
2582722311
2582061346
2582061927
2582061930
2582064277
2582148579
2582068372
2582278613
2583190477
2582070076
2582071364
2582071425
2582188139
2582072006
2582073029
2582133761
2582074204
2582415243
2582074770
2582075659
2583228680
2582075987
2582204123
2582076280
2582077435
2582077609
2582078040
2582078041
2582078047
2582078050
2582078049
2582078100
2582078240
2582105440
2582106407
2582078713
2582078907
2582078908
2582130086
2582079090
2582079590
2582079631
2582079674
2582080118
2582396331
2583281405
2582080341
2582080406
2582080547
2582091557
2582072447
2582072556
2582072544
2582080611
2582073267
2582073943
2582074656
2582074703
2582075835
2582076657
2582076658
2582076915
2582077022
2582094306
2582077102
2582077157
2582077159
2582077214
2582077356
2582277499
2582077998
2582078261
2582834737
2586684989
2582943715
2582078889
2582078899
2582074858
2582079168
2584957624
2585848594
2582079619
2582082074
2582082076
2582082213
2582220296
2582084295
2582085526
2582085557
2582088296
2582088896
2582089548
2582089550
2582089590
2582094158
2582126402
2582091042
2582091080
2582091941
2582092999
2582093012
2582381948
2582095043
2582883049
2582095560
2582095837
2582096420
2582096925
2582097046
2582299757
2582204689
2582097124
2582097126
2582097179
2582097259
2582097262
2582097349
2582102017
2582097465
2582097500
2582859778
2582098629
2582099592
2582102414
2582103894
2582103917
2582103941
2582104082
2582104083
2582106271
2582104205
2582104206
2582107096
2582108981
2582109199
2582109389
2582109587
2582109676
2582110331
2582110379
2582110534
2582110621
2582110634
2582110637
2582110638
2582110639
2582110678
2582113343
2582110740
2582110743
2582110840
2582110860
2582110938
2582111046
2582112126
2582392813
2582113014
2582115229
2582116114
2582116116
2582119201
2582118379
2582116194
2582117223
2582121261
2582135207
2582122326
2582122994
2582269226
2582123293
2582123347
2582123377
2582123440
2582182207
2582124380
2582124513
2582124624
2582124722
2582124768
2582138073
2582124997
2582125006
2582125143
2582125146
2582125246
2582125322
2582125321
2582125456
2582125693
2582125759
2582125790
2582126738
2582127981
2582131002
2582558648
2582131679
2582131681
2582132930
2582134698
2582131063
2582131758
2582135610
2582135844
2582136028
2582136511
2582136617
2582137018
2582137104
2582137264
2582137427
2582137428
2582137470
2582140029
2582137537
2582137534
2582137595
2582137611
2582137696
2582138394
2582306167
2582139304
2582142062
2582142890
2582142903
2582145050
2582143100
2582143103
2582145079
2582143201
2582146279
2582146986
2582147298
2582147784
2582147878
2582148251
2582148525
2582148522
2582148608
2582151845
2582148656
2582148660
2582155082
2582148731
2582148827
2582149550
2582339768
2582150342
2582152428
2582152983
2582152985
2582154154
2582154997
2582158993
2582159044
2582552050
2582184140
2582159588
2582583976
2582159801
2582286503
2582202510
2582190652
2582161173
2582546313
2582162861
2582622287
2582163461
2582163698
2582164201
2582188193
2582223151
2582165038
2582441798
2582441802
2582483522
2582483523
2582483531
2582483524
2582483527
2582483528
2582483530
2582483532
2582483541
2582484261
2582484262
2582484265
2582484264
2582484263
2582484266
2582484267
2582484270
2582484268
2582484269
2582484271
2582484272
2582484273
2582484274
2582483543
2583306907
2582229611
2582165611
2582166009
2582166183
2582865397
2582166584
2582166587
2582159146
2582166591
2582166595
2582166927
2582167016
2582167018
2582239259
2582167056
2582305276
2582514209
2582167582
2582167630
2582168029
2582558748
2582168122
2582168144
2582168323
2582168332
2582168354
2585203673
2582168608
2582171807
2582168666
2582168726
2582723451
2582665519
2582429050
2582552222
2582637632
2582169009
2582580261
2582169065
2582169069
2582169093
2582169094
2582992420
2582181037
2582169512
2582169561
2582169566
2583067141
2583067142
2583067139
2583067140
2582169742
2582940207
2582914954
2582169997
2582179885
2582170544
2582170554
2582405923
2582170695
2582170699
2582668382
2582724809
2582408871
2582408873
2582171080
2582172476
2582542876
2582172618
2582174091
2582175433
2583251145
2582178143
2583251143
2583251144
2582178872
2582179433
2582179432
2582179473
2582180909
2582182891
2582185247
2582185806
2582186206
2582186372
2582186942
2582187003
2582299769
2582230261
2582187216
2582187218
2582187282
2582187354
2582187359
2582187444
2582187568
2582187593
2582846352
2582188591
2582415195
2582189730
2582190546
2582192429
2582192433
2582290238
2582193818
2582193839
2582193861
2582193997
2582193996
2582194112
2582194113
2582197050
2584199370
2582198826
2582199122
2582199285
2582199460
2582199593
2582201035
2582200174
2582200251
2582202161
2582200520
2582200521
2582200530
2582200566
2582204679
2582200627
2582200631
2582200727
2582200742
2582200820
2582201824
2582395193
2582451385
2582202942
2582205217
2582206130
2582206132
2582206207
2582207161
2582207788
2582209169
2582210999
2582211307
2582212082
2582212753
2582213076
2582213218
2582422423
2582443997
2582214221
2582214405
2582214478
2582214509
2582214622
2582214670
2582214784
2582212621
2582214928
2582215081
2582215080
2582215192
2582215272
2582215274
2582215288
2582215415
2582215657
2582303714
2582215666
2582215727
2582215761
2582216871
2582510231
2582218004
2582220856
2582665431
2582221505
2582221508
2582225098
2582223011
2582221574
2582221575
2582221584
2582224480
2582225514
2582226282
2582226510
2582226627
2582227727
2582226986
2582227072
2582227145
2582229401
2582227309
2582227310
2582227346
2582231014
2582227400
2582227404
2582227481
2582227565
2583097190
2582228363
2582551965
2582229272
2582230663
2582231719
2582339691
2582232771
2582232785
2582232812
2582232810
2582232952
2582232955
2582233043
2582235527
2582237254
2582237758
2582237963
2582238028
2582238533
2582238652
2582238654
2582238700
2582238753
2582238756
2582238826
2582238920
2582239866
2582240717
2582242998
2582243577
2582243579
2582244684
2582245064
2582245844
2582249589
2582249644
2582249703
2582249727
2582289530
2582284667
2582448982
2582558439
2582435869
2582249753
2582249741
2582249823
2582825200
2582541773
2582422426
2582252475
2582422424
2582558436
2582338201
2582338200
2582339144
2582254733
2582422437
2582426331
2582426892
2582446885
2582490750
2582426330
2582452060
2582452061
2583386026
2582422440
2582436925
2582436926
2582446522
2582446523
2582446780
2582436927
2582436928
2582436929
2582306009
2582257938
2583438196
2582258045
2582258214
2583381472
2582326593
2582258473
2582258906
2582267418
2582259108
2582443995
2582259863
2582250857
2582259864
2582259871
2582259866
2582259891
2582260180
2582260194
2582289605
2582265267
2582334169
2582334178
2582334185
2582334188
2582260502
2582422445
2582422447
2582436501
2582436502
2582551201
2582556869
2582556868
2582547060
2582556870
2582556872
2582556873
2582545984
2582546199
2582546200
2582546198
2582546344
2582260570
2582260718
2582260714
2582428857
2582474771
2582261541
2582261740
2582254575
2582254561
2582254953
2582265865
2582256140
2582256262
2582268199
2582258923
2582481202
2582269498
2582259920
2582259925
2582260003
2582260157
2582260766
2582275371
2582261240
2582261415
2582261428
2582422535
2582422537
2582422519
2582422520
2582422446
2582422448
2582422538
2582422523
2582422539
2582422522
2582422449
2582422524
2582422525
2582422536
2582422540
2583357075
2582303747
2582261623
2582631914
2582261897
2582262472
2582262521
2582272879
2582784819
2582263256
2582263269
2582286239
2582297045
2582263422
2582263427
2582263580
2582424317
2582263665
2582263832
2582265832
2582265516
2582265629
2582267016
2582633422
2582267093
2582268514
2582273620
2582271909
2582332992
2582273059
2582273062
2582273125
2582277264
2582274671
2582276781
2582277567
2582279272
2582279792
2582280007
2582280107
2582281018
2582281084
2582341233
2582281305
2582281308
2582281375
2582281433
2582281434
2582281533
2582281641
2582281660
2582821490
2582282916
2582284212
2582285012
2582287429
2582287852
2582426196
2582288426
2582288546
2582288567
2582288594
2582288734
2582288733
2582291565
2582288847
2582289028
2582291962
2582291961
2582294043
2582294064
2582294302
2582294456
2582294728
2582294836
2582295638
2582299809
2582295905
2582295906
2582295910
2582295959
2582302352
2582296017
2582296019
2582296122
2582296138
2582296220
2582297250
2582298600
2582301165
2582301991
2582301994
2582303751
2582302896
2582302063
2582716260
2582303054
2582303162
2582303169
2582304158
2582306339
2582307986
2582307996
2582309684
2582310704
2582310824
2582310884
2582422453
2582320304
2582422452
2582311575
2582311716
2582311855
2582311933
2582312017
2582312018
2582312170
2582312171
2582312367
2582312372
2582312484
2582312756
2582312790
2582312808
2582312819
2582312839
2582313824
2582314783
2582314908
2582317594
2582664814
2582318268
2582318270
2582319518
2582322915
2582323285
2582323493
2582323607
2582448887
2582328165
2582324335
2582324334
2582625166
2582324381
2582324433
2582324437
2582324515
2582324603
2582325394
2582326272
2582328999
2582329275
2582329840
2582329951
2582329993
2582330082
2582330116
2582330119
2582330364
2582334569
2582334936
2582335137
2582335591
2582336056
2582336059
2582336145
2582336148
2582336205
2582336220
2582336439
2582337269
2582338166
2582339524
2582340152
2582340724
2582340798
2582340813
2582343632
2582343065
2582346363
2583000353
2582346603
2582364368
2582422456
2582347167
2582740658
2582374403
2582483278
2582349750
2582350759
2582351474
2582388459
2582351979
2582354678
2582355131
2582370474
2582356826
2582442293
2582357150
2583022158
2584579306
2582436678
2583072281
2583443465
2582357807
2582357841
2582357973
2582358336
2583829729
2582358431
2582358488
2582358624
2582454060
2582358759
2582358794
2582358796
2582824858
2582390435
2582538744
2582537534
2582537480
2582537481
2582537537
2582537535
2582537536
2582537489
2582537538
2582537542
2582537541
2582537490
2582537539
2582537540
2582537543
2582537491
2582537544
2582781122
2582776925
2582776891
2582537426
2582537493
2582781124
2582537427
2582537492
2582551683
2582554731
2582537428
2582537496
2582548043
2582553763
2582553765
2582577677
2582581448
2582581449
2582581450
2582581421
2582581451
2582554765
2582554726
2582359102
2582472319
2582472320
2582544925
2582359291
2582359293
2582349116
2582359296
2582359297
2582359361
2582359567
2582448566
2582422459
2582423521
2582423523
2582422460
2582422461
2582422462
2582359849
2582359867
2582359861
2582434812
2582359942
2582359941
2582490731
2582360014
2582360029
2582360059
2582667755
2582360191
2582500402
2582656739
2582656747
2582360268
2582360412
2582389130
2582360572
2582952839
2582639204
2582360946
2582360945
2582361102
2582361352
2582374428
2582375171
2582361563
2582361678
2582361717
2582369816
2582354665
2582354890
2582643315
2582355879
2582361864
2582361880
2583589847
2582377784
2582362349
2582362847
2582362849
2582414078
2583100978
2582363396
2582363431
2582944929
2582363508
2582363509
2582363537
2582363602
2582363606
2584818171
2582364009
2582364077
2582364106
2582364188
2582364388
2582389084
2582364459
2582364490
2582453330
2582364931
2582364945
2594004080
2582365286
2582365316
2582431692
2582365590
2582365595
2582443415
2582365794
2582365893
2582365915
2582498415
2582367391
2582367398
2582368192
2582367899
2582368024
2582368029
2582369710
2582371460
2582371587
2582371589
2582373699
2582375761
2582375793
2582377040
2582377127
2582377352
2582377355
2582377411
2582379162
2582379231
2582380481
2582381386
2582381651
2582382889
2582382890
2582382892
2582388467
2582384172
2582385702
2582386120
2582386238
2582386848
2582387011
2582387017
2582387091
2582387153
2582515269
2582387272
2582387276
2582387345
2582385598
2582387450
2582387454
2582387559
2582387617
2582387618
2582387692
2582387725
2582818518
2582388887
2582390002
2582390312
2582390332
2582393591
2582394890
2582395005
2582395062
2582395081
2582395116
2582395268
2582395271
2582395589
2582396948
2582399436
2582401524
2582401943
2582402555
2582402705
2582402747
2582402910
2582403052
2582403220
2582403454
2582411372
2582403836
2582403841
2582403838
2582408801
2582403890
2582403958
2582403962
2582404071
2582404089
2582404176
2582404995
2582405025
2582406216
2582406318
2582409267
2582410165
2582410167
2582411824
2582417061
2582417089
2582552189
2582418411
2582419102
2582419288
2582419346
2582419489
2582428244
2582419834
2582547083
2582421873
2582420456
2582437935
2582420587
2582420749
2582420928
2582420930
2582421041
2582421124
2582421127
2582421275
2582421543
2582421601
2582421618
2582421635
2582422828
2582423924
2582428233
2582426795
2582870129
2582427555
2582427559
2582427567
2582432436
2582432707
2582432961
2582433103
2582441830
2582433926
2582433924
2582433970
2582434027
2582434022
2582434113
2582434143
2582434202
2582435067
2582436300
2582439366
2582607566
2582440558
2582439976
2582440942
2582440014
2582440019
2582440152
2582440155
2582517157
2582500704
2582441338
2582443555
2582444476
2582444499
2582444727
2582444924
2582445023
2582445930
2582446065
2582446068
2582446109
2582446162
2582446165
2582446297
2582446394
2582447196
2582448062
2582449985
2582450716
2582450718
2582453258
2582457715
2582457788
2582903516
2583190478
2582662254
2582502626
2582502627
2582541101
2582547524
2582577189
2582459842
2582454995
2582459853
2582459854
2582459999
2582492407
2582461875
2582461950
2582462109
2582463156
2582463295
2582532612
2582463877
2582463982
2584687592
2582539718
2582464306
2582464630
2582466302
2582464988
2582464944
2582613908
2582465218
2582457151
2582465222
2582465223
2582465224
2582465668
2582465702
2582465751
2582465753
2582649524
2582470809
2583770308
2582466486
2582526074
2582466727
2582466785
2582466935
2582467010
2582467047
2582467142
2582475950
2582467434
2582467452
2582467598
2582483331
2582468207
2582468234
2582468345
2582468347
2582468524
2582468637
2582468666
2582468854
2582468913
2582468915
2582469048
2582469112
2582469119
2582469183
2582469249
2582469413
2582469502
2582469560
2582469760
2582545219
2582524186
2582469958
2582470038
2582470181
2582470191
2582525016
2582470324
2582470372
2582470376
2582470403
2582470406
2582597657
2582837441
2582470522
2582470577
2582547505
2582472062
2582472061
2582472654
2583708763
2582472362
2582472390
2582547445
2582547446
2582472576
2582473828
2582474115
2582827179
2582475531
2582478752
2582994063
2582480126
2582480128
2582480175
2582481828
2582485273
2582485284
2582486761
2582486777
2582487244
2582487450
2582487602
2583507136
2582489674
2582488589
2582488732
2582488812
2582488814
2582488869
2582488941
2582488946
2582489037
2582489152
2582489177
2582845048
2582490368
2582491322
2582491327
2582491330
2582491819
2582491842
2582495444
2582497901
2582497023
2582497053
2582497090
2582497379
2582497381
2582497888
2582577796
2582498934
2582500866
2582501306
2582502323
2582503983
2582504135
2582504209
2582504433
2582504575
2582505031
2582505099
2582509967
2582515945
2582505479
2582505478
2582505488
2582505531
2582505588
2582505592
2582505698
2582505718
2582505795
2582506919
2582508319
2582508334
2582509587
2582511802
2582512464
2582512639
2582512641
2582864318
2582517847
2582517850
2582517930
2582619348
2582517641
2582519184
2582519182
2582519670
2582520245
2582520378
2582520623
2582520791
2582521116
2582522783
2582522298
2582522601
2582733776
2582523962
2582605894
2582523226
2582523408
2582523458
2582523569
2582523735
2582521131
2582521279
2582521353
2582521355
2582521496
2582521616
2582521620
2582521809
2582558566
2582522143
2582522161
2582522189
2582522210
2582522220
2582522811
2582524705
2582525970
2582526973
2582528130
2582529031
2583031994
2582529881
2582529888
2582535207
2582535473
2582535670
2582535671
2582535696
2582535861
2582782628
2582845533
2582536462
2582547312
2582536817
2582536819
2582536867
2582536926
2582536928
2582537031
2582537129
2582538142
2582539398
2582540256
2582542155
2582544067
2582543296
2582543348
2582543355
2582543383
2582543524
2582543527
2582545665
2582548941
2582549055
2582548586
2582549146
2582549154
2582549233
2582870604
2582550357
2582550360
2582550552
2582550648
2582551548
2582552616
2582556693
2582555621
2582555635
2582556156
2582556160
2582556257
2582559405
2582562737
2582562783
2583202378
2582994828
2584448821
2582564646
2582564752
2582565805
2582590991
2582566548
2582568927
2582780349
2582637010
2582570204
2582611400
2584810674
2582648389
2582571425
2582572011
2582577213
2582572092
2582572619
2582572621
2582596560
2582572830
2582572831
2582572834
2582572839
2582572838
2582572999
2582573634
2582573774
2582573776
2582574597
2582574863
2582574875
2582580815
2582580814
2582579270
2583189946
2582575253
2582566890
2583059347
2582575447
2582575478
2582575485
2582575491
2582635870
2582570325
2583020251
2582592476
2582571407
2582571747
2582571887
2583011679
2582572245
2582572260
2582575527
2582572426
2582572437
2582573197
2582575584
2582573963
2582574173
2582840164
2582986441
2582586500
2582575723
2583481078
2582575835
2582757868
2582575983
2582576076
2582576123
2582576147
2582576410
2582576420
2582576488
2582576556
2582576572
2582576614
2582576619
2582576640
2582576930
2583808715
2582578447
2582578474
2582578641
2582578703
2582589985
2582578932
2582580464
2582581656
2582583178
2582584785
2582619375
2582586032
2582586034
2582586077
2582601538
2582588120
2582590574
2582590562
2582590565
2582591826
2582591903
2582591906
2582591902
2582591913
2582591922
2582593284
2582594259
2582594535
2582594705
2582595301
2582595402
2583145364
2582595575
2582595734
2582595736
2582595795
2582617013
2582595959
2582597924
2582596078
2582596097
2583101006
2582597133
2582598473
2582598442
2582598851
2582598889
2582599944
2582602554
2582604054
2582604190
2582618673
2582604244
2582604435
2582604438
2582618104
2582608918
2582611413
2582611625
2582611781
2582885521
2582611986
2582612181
2582612811
2582667223
2582612840
2582613218
2582613221
2582613232
2582613289
2582613498
2582613524
2582613612
2582643117
2582614876
2582616385
2582619885
2582620827
2582620830
2582620843
2582621017
2582661457
2582622226
2582636653
2583288140
2582626700
2582626708
2582627944
2582628388
2582628511
2582628598
2582656039
2582628950
2582630292
2582630372
2582630484
2582630537
2582630541
2582630611
2582632102
2582630796
2582659362
2582631007
2582631010
2582631137
2582631365
2582631615
2582631653
2582631675
2582631693
2582631735
2582632842
2582634260
2582637444
2583145368
2582638326
2582638330
2582641953
2582643673
2582644364
2582644540
2582644695
2582644734
2582646425
2582645327
2582645709
2582645714
2582645764
2582645915
2582646022
2582646027
2582646026
2582646936
2582648115
2582649040
2582651061
2582651985
2582652026
2582652041
2582652065
2582652228
2582652229
2582655568
2582657275
2582657287
2582657496
2582657650
2582657744
2582660162
2582658815
2582658817
2582658874
2582659002
2582659104
2582660029
2582661034
2582663875
2582664189
2582664280
2582664282
2582665130
2582665314
2582666008
2582666847
2582666897
2582672723
2582672878
2582674501
2582674608
2583674750
2582674820
2582857890
2582740660
2582675061
2582858539
2582675251
2582676533
2582676614
2582678162
2582678990
2582679047
2582679682
2582680688
2582680857
2582681740
2582684136
2583475169
2582684423
2582684845
2582725584
2582685593
2582685668
2582685725
2582685732
2582685822
2582685867
2582686304
2582686360
2583062091
2582687075
2582826706
2582687538
2582858946
2582687768
2583803126
2582687826
2582773461
2582688014
2583676583
2582779853
2582688389
2582688380
2582688391
2582688421
2583053717
2583053675
2582688741
2582934104
2582934102
2582934100
2582689464
2582689521
2582689672
2582689682
2582689995
2582692100
2582692110
2584926350
2582692262
2583912410
2582692403
2582692515
2582692543
2582692565
2582692670
2582692750
2582707768
2582713024
2582715394
2582723720
2582693126
2582693144
2582759040
2582694210
2582720951
2582694791
2583230230
2582695210
2582695379
2582695442
2582695489
2582695488
2582695574
2582702709
2582695878
2582695879
2582696572
2582697012
2582697145
2582745479
2582697194
2582697193
2582697195
2582697202
2582697199
2582697257
2583676054
2582697312
2582697408
2582764699
2583313268
2582697790
2582939661
2582697799
2583099549
2582899893
2583130224
2582698219
2583065692
2582698595
2582698590
2582859130
2582944666
2582698861
2582677382
2582884584
2582733563
2583059274
2582679370
2583518154
2582679975
2582680301
2582680532
2582680690
2582681010
2582682104
2583368697
2582682972
2582914987
2582683210
2583721619
2583147012
2582686325
2583538139
2582686478
2582686747
2582958873
2582958872
2582958876
2583808773
2583808772
2582686885
2582686888
2582686891
2582686892
2582837372
2582837376
2583076390
2582687391
2584104304
2585384179
2582687726
2582687721
2582687759
2582687762
2582687814
2583739218
2583259679
2582688274
2582688348
2584038142
2582688409
2582688464
2583263637
2582689217
2582689386
2582689457
2582689756
2583011725
2582690460
2582690548
2582690579
2582690712
2582690714
2582739778
2582952818
2582690775
2583429873
2582691113
2582909947
2582691161
2583011745
2582691189
2582691259
2582691288
2582909833
2586843389
2586841462
2586763128
2583786139
2583242813
2582691677
2582691716
2583737234
2582863606
2584128067
2582681997
2582692516
2583345207
2584324339
2582781670
2583608183
2584285696
2582693363
2583294482
2582713689
2582838925
2583030348
2582693906
2583808441
2582858775
2582694317
2582694435
2582694539
2582694568
2582849019
2582849020
2582694781
2582694828
2582938773
2582694914
2582694917
2582694921
2583020693
2582694998
2582740145
2582695112
2582695266
2582695320
2582695435
2582695463
2582926354
2582695852
2582695850
2583671692
2582696025
2583408177
2582696280
2582696413
2582696716
2582857481
2582696829
2582696980
2582696996
2582733944
2582698320
2582936222
2583258830
2582698475
2582863828
2582858950
2582863826
2582733633
2582698651
2582698653
2582698654
2582698655
2582698665
2582698657
2582698658
2582698659
2582698661
2582698679
2582700327
2582699957
2582700951
2583300635
2582701002
2582747972
2582701256
2582700213
2582700611
2582701749
2582701126
2582701530
2582702991
2582703004
2582703730
2582703391
2582703397
2583063065
2582704889
2582704894
2582704943
2582708480
2582708996
2582722218
2582709984
2582710145
2582710147
2582710199
2582711749
2583176087
2582711975
2582820250
2582785524
2582712030
2582713229
2582714674
2582714676
2582714675
2582876448
2582876449
2582717315
2582716473
2582717572
2582731299
2582717998
2582718452
2582718484
2582718670
2582718806
2582720718
2582719349
2582719429
2582719504
2582721008
2582719578
2583393036
2583518656
2582722433
2582719715
2582857471
2582719855
2582719860
2582719966
2582720006
2582909718
2582720194
2582720354
2582720414
2583715150
2583136377
2582721625
2582988238
2582722931
2582722952
2582722988
2582722997
2582726575
2582726612
2583747025
2582727006
2582728123
2582728144
2582728175
2582728335
2582728338
2582729713
2582728368
2582728575
2582728598
2582732514
2582734914
2582735072
2582735257
2582735550
2582735694
2582736111
2582736165
2582736228
2594793174
2594793171
2594793169
2582736589
2582736593
2582736595
2582736598
2582736647
2582737376
2582738361
2582738364
2582736810
2582736828
2582736913
2582738176
2582739449
2582741455
2582742614
2582743320
2582743326
2582743356
2582743449
2582957006
2582743834
2582744586
2582838739
2582748566
2582748581
2583257006
2582885380
2583773832
2582750610
2582751534
2582751958
2582752059
2582752085
2582923633
2582753162
2582753226
2582753355
2582753733
2582753846
2582753892
2582753911
2582767088
2582754042
2582756651
2582754148
2582754347
2582754345
2582752219
2582759015
2582759016
2582752456
2582752578
2582752767
2582881461
2582752863
2582752923
2582752930
2582752988
2582753155
2582755192
2582756340
2582760920
2582759423
2582834101
2583355752
2582760012
2582760103
2582760105
2582760128
2582839309
2582850648
2582765222
2582765504
2582765679
2582765796
2582767506
2582766476
2582766557
2582766707
2582766712
2582766752
2582766760
2582766809
2582766811
2582766895
2582766983
2582767961
2582768046
2582769071
2582771554
2582772104
2582992518
2582772687
2582772721
2582786859
2582772849
2582772894
2582772896
2582772939
2582777629
2582777843
2582778016
2582778104
2582785217
2582781660
2582778822
2582778826
2582778863
2582778874
2582778910
2582778914
2582778984
2582779062
2582773431
2582779997
2582780043
2582780906
2582783101
2582783690
2582783694
2582783717
2582779576
2582786291
2582788824
2583485557
2582816207
2584240545
2582789171
2582868702
2582789440
2584153983
2582789755
2582790061
2583970359
2582791271
2582791390
2582791565
2582811159
2582791609
2582791681
2582791780
2582847197
2582795666
2582795686
2582796549
2582797050
2584334585
2582788909
2590979306
2582797573
2582797846
2582798057
2582903854
2582798380
2582789376
2582798460
2582798455
2582798632
2582875240
2582799108
2582831831
2582831832
2582831834
2582831833
2583110198
2582799731
2582799743
2583089643
2582799968
2582800069
2583022809
2584030307
2582873982
2582800610
2582800643
2583877207
2582801266
2582801510
2582801606
2582802172
2585005905
2582802728
2582802811
2582803436
2582804049
2582804215
2583288083
2583744040
2582804668
2582934837
2584953997
2582804730
2582804760
2582804952
2583017111
2583305525
2582804983
2582827478
2582837474
2582791402
2582805106
2582805107
2582805116
2582805300
2582805574
2582805679
2582927112
2584953998
2582805831
2582805840
2582805900
2582805903
2582792139
2582805906
2582805907
2583151312
2582805969
2583658387
2582806150
2584165288
2582806162
2582806169
2583089578
2582806233
2582806236
2582940545
2582806603
2583471956
2582806995
2582807229
2582807222
2583124732
2582807713
2582807764
2582807856
2584308398
2582808022
2582808039
2582808177
2582936589
2582808635
2582870941
2582809153
2582809276
2582809298
2582809304
2582809307
2582809506
2582809518
2582809698
2582870610
2587157972
2583203589
2583152145
2583150320
2582810606
2582810659
2582811336
2584055931
2584047752
2584050016
2583053670
2582920216
2582811535
2582811563
2582824624
2583034713
2582811592
2583025055
2582838304
2582811613
2582973853
2584703316
2582811621
2582873939
2582873940
2582811683
2582811707
2582811711
2584703321
2583594694
2582811871
2582812009
2582812017
2582812104
2582812122
2583625078
2582812184
2582812302
2582846334
2583059201
2582812354
2582812549
2585252693
2584249114
2582825905
2583364276
2582863851
2591930077
2591930074
2591930075
2591930081
2591930079
2591930082
2591930080
2591930076
2582812972
2593348993
2582813166
2582813228
2582813230
2582813500
2582813545
2582879490
2582851273
2582813778
2588800524
2582813850
2585851436
2582813882
2582813885
2585322730
2582814114
2584148447
2584148449
2584148451
2584148452
2584148453
2584148454
2584148456
2584148455
2582814137
2582814151
2584350869
2582814168
2584276825
2585443154
2583269348
2583832458
2582814452
2582827831
2583417096
2585443157
2583662018
2582814650
2582814794
2582814836
2582910578
2582801657
2582801692
2582814958
2584048119
2582840570
2582815025
2582803284
2582803557
2584339111
2582973884
2582815107
2583751560
2582815129
2582815128
2582815192
2582799767
2582815195
2582815384
2582823962
2582815470
2583021724
2586210956
2583640715
2582800819
2582800813
2582800810
2582804678
2582804686
2582800815
2582804694
2582800831
2582804687
2582804691
2582804739
2582874730
2582804837
2583037275
2582804887
2582806292
2582806315
2583939261
2582806492
2584794480
2583502607
2594793180
2582807275
2582807283
2582807432
2582807552
2582807738
2587780674
2582807768
2582807979
2582808065
2582884582
2582808405
2583009851
2582808641
2582958209
2582808657
2583490127
2582953611
2586529248
2582809383
2582809588
2583674533
2582809927
2582809938
2582809954
2582803061
2582809995
2582803055
2582809994
2582809987
2582847722
2583138552
2582810090
2583729039
2582803156
2582803157
2582819711
2582810161
2582810170
2582810194
2583123925
2583034712
2582810438
2582810479
2582810484
2582810537
2582810564
2582810663
2583728897
2582810716
2582810718
2582880816
2583715154
2582810757
2582810770
2582810779
2582810833
2582810842
2582810848
2585346502
2582986807
2582909688
2582810928
2582803808
2582972462
2582940629
2582803921
2582811079
2582811095
2582811116
2583072338
2582817225
2582817803
2582816826
2582816877
2582818208
2582818219
2582819374
2582821951
2582822765
2582823115
2582823118
2582823153
2582824892
2582824732
2582824478
2582825346
2582825351
2582825347
2582825348
2582825350
2582825467
2582954401
2582827198
2582831827
2582827197
2582827254
2582865362
2582828631
2582827924
2582828672
2582829068
2582829200
2582829215
2582829335
2582829457
2582829517
2582829732
2583003343
2582884302
2583184114
2582831208
2582830062
2582830115
2582830229
2582830239
2582834051
2582873880
2582830321
2582830322
2582830373
2582830387
2582837756
2582837764
2582830479
2582838205
2582830522
2582830582
2582830628
2582830643
2582830657
2583211374
2582831662
2582832588
2582832831
2582852260
2582835642
2582835870
2582835964
2582835976
2582836632
2582905710
2582836835
2582836836
2582836887
2582847752
2582837051
2582831168
2582844916
2582840009
2582840873
2582841700
2582841707
2582841850
2582841879
2582842043
2582842598
2583743220
2583743222
2583743218
2583743225
2582846401
2582846408
2582846410
2582846404
2582846403
2582846407
2582846405
2582846406
2582846409
2582846411
2582846412
2582846413
2582846414
2582842729
2593349955
2583025296
2582843045
2582843059
2582843074
2583091420
2582843249
2582843310
2582843312
2582843313
2582843353
2582843367
2583318255
2582843549
2582843564
2582843575
2582843609
2582843648
2582844617
2582845460
2582870046
2582847988
2582848545
2582848703
2582848707
2582848730
2582849689
2582858388
2582853250
2583611326
2582853263
2582853629
2582853719
2582853840
2582853811
2582945544
2582945543
2582853872
2582853948
2583379752
2582854297
2582854397
2582854441
2582854653
2582854728
2582855098
2582855277
2582855841
2582911574
2582855949
2582855965
2582855971
2582938801
2582922687
2582856197
2582856214
2582860558
2582856347
2582856349
2582856436
2582856465
2582860348
2582860349
2582856651
2582915185
2582915415
2582915539
2582915577
2582915540
2582915687
2582856786
2582856791
2582856843
2582859881
2582856931
2582856947
2582855346
2582857002
2582857042
2582878598
2582857821
2582858738
2582861022
2582861410
2583397470
2582861596
2582861599
2582861615
2582861671
2582861716
2582998787
2582865983
2582866023
2582866062
2582866133
2582866282
2582866376
2582866448
2582866483
2582866949
2582867155
2582867156
2582873067
2582867226
2582867313
2582867403
2582868361
2582869215
2582885453
2582871545
2582871617
2582872307
2582872335
2582949464
2582872416
2582872501
2582872503
2582872564
2582874281
2582876786
2582876918
2582877036
2582877111
2583246037
2582877697
2582882978
2582878005
2582878009
2582878053
2582880277
2582880280
2582878177
2582878355
2582879108
2582879110
2582879195
2582879767
2582879795
2582879837
2582880465
2582880497
2582881948
2582882660
2582882662
2582882680
2593572636
2582879879
2582885329
2583484614
2583484615
2583484611
2583484619
2582888007
2582897125
2582888573
2582888796
2582888848
2583067484
2583375415
2582914953
2582889619
2582890203
2582955086
2582890864
2582890868
2582890891
2583022075
2582891235
2586049022
2582891725
2582892089
2582892560
2582892559
2582892563
2582892564
2582892568
2582892655
2582892653
2582892649
2582955029
2582892809
2582892852
2582892853
2582940240
2582939002
2582893102
2582893124
2582893150
2582893166
2582893398
2582893420
2582893557
2582898033
2582893628
2582979165
2582893733
2582955453
2582893761
2582893825
2582893869
2582893955
2582894266
2583100844
2582894328
2582894336
2582894418
2582894496
2583647820
2591482189
2591482191
2591482192
2591482185
2582894543
2582894544
2582894625
2582900165
2582900164
2582894716
2582894730
2582894814
2582895000
2587285089
2582890965
2582895144
2582895150
2582895310
2582895443
2582895524
2582895528
2582895535
2582895551
2582895557
2582895561
2582895589
2583393731
2582895673
2582895684
2582892237
2582900179
2582896598
2582897841
2583591143
2582898534
2582909774
2582898745
2582900532
2582901352
2582901479
2582901612
2582901613
2582901648
2582901657
2583149219
2582901803
2582902860
2582903601
2582903651
2582906476
2582906840
2582907003
2582907123
2582907791
2582907856
2582909429
2582934147
2582907932
2582908043
2582915308
2582908117
2582908118
2582908206
2582908307
2582908360
2582908516
2583469207
2582909206
2582910255
2582910292
2582910323
2583026493
2582910974
2582911030
2582911107
2582911950
2582912004
2582912949
2582913131
2582913187
2582913819
2582913958
2582913971
2582972370
2582914126
2582914128
2582914172
2582914302
2582914472
2582916860
2582918401
2582918583
2582918638
2582918738
2582918766
2582918868
2582919516
2584812871
2582940158
2582919735
2582919740
2582919746
2582919777
2582919791
2582921160
2582921162
2582919833
2582919923
2582919938
2582919975
2582920904
2582921821
2582922568
2582922648
2582923387
2582978911
2582923446
2582924403
2582924794
2582924981
2582924983
2582925003
2582925169
2582925863
2582925903
2582925939
2583266015
2582929202
2582933810
2582929994
2582930870
2582931103
2582931179
2582931373
2582931971
2582932011
2582986070
2582932137
2582938857
2582932208
2582932335
2582932338
2582972862
2582932413
2582932439
2582935359
2582935357
2582932664
2582932927
2582932965
2582933639
2582934501
2582928373
2582936851
2583437410
2582937444
2582937446
2582937461
2582937555
2582941158
2582941338
2582941855
2582941970
2582942319
2582942560
2582942562
2582942575
2582942597
2582942604
2582943461
2582943460
2582942720
2582938119
2582943590
2582944468
2582946473
2582947346
2582947399
2582947415
2583000565
2582947564
2582947566
2582947631
2582951167
2582951352
2582951466
2582951529
2582952206
2582958217
2582952390
2582952394
2582952431
2582952436
2582953088
2582953095
2582952536
2582948056
2582953298
2582954044
2582956000
2582956103
2582956583
2582956585
2582956608
2582957404
2582958601
2582960458
2582960477
2584142812
2582973839
2582973840
2582961620
2582961884
2582961921
2582962437
2582962728
2582962883
2582964999
2586622453
2583025968
2582967010
2582967682
2586162829
2582963675
2582963864
2582964005
2583228629
2583234423
2583780218
2582964381
2583780185
2582964454
2582964591
2582965222
2582965403
2582967550
2582967553
2582967565
2582961941
2582967566
2582967621
2582967719
2583010417
2583541966
2582967906
2582967982
2582991463
2582968110
2582968113
2582968137
2582968187
2583022813
2582968336
2582973321
2583380651
2582968529
2586623711
2586623708
2583805812
2582968963
2583012614
2582969131
2582969219
2582969433
2582969432
2582969435
2582969436
2582969437
2582969469
2583015888
2582978691
2582969774
2583020649
2584715962
2584302656
2582978784
2582969934
2582969987
2582969991
2582969990
2582969992
2582970102
2582970177
2582970184
2583003678
2582970281
2583048111
2582970409
2582970474
2583160864
2582970552
2582970597
2582970600
2582970603
2582973587
2582970713
2582970748
2582970790
2582971003
2582971197
2582971342
2582971647
2582971665
2582971772
2582971871
2582971921
2582971925
2582971986
2582972117
2582972265
2582965398
2582973374
2582973515
2582973528
2582974462
2582975233
2582975549
2582977230
2582978323
2582978324
2582978363
2582978369
2583150567
2582979398
2582979671
2582979716
2582982234
2582983283
2582983477
2582983715
2582983875
2582983958
2582984079
2583708780
2582984816
2582984820
2582984821
2582984823
2582984826
2582984887
2582984944
2582993721
2582985059
2583085577
2582985148
2582985150
2582985200
2582985273
2582985275
2582985347
2582985366
2582985513
2583485411
2582986339
2582987218
2582987739
2582989528
2582990746
2582990786
2582990800
2582990804
2583023161
2582990970
2582990968
2582994376
2583065697
2582992145
2582993616
2582995051
2582995062
2582995268
2582995315
2582995394
2582995828
2583004134
2583004136
2582995936
2582996448
2582996738
2582996740
2582996745
2582996776
2582996832
2582996836
2583004162
2582996943
2582996962
2582997739
2582998617
2583000988
2583001666
2583001668
2583016067
2583002614
2583005363
2583006022
2583394510
2583006433
2583006852
2583006868
2583007004
2583007094
2583008208
2583008420
2583008436
2583008552
2583031236
2583008659
2583017199
2583008794
2583008930
2583008935
2583124761
2583009093
2583009096
2583009206
2583009330
2583009467
2583009501
2583010317
2583010996
2583011172
2583013890
2583437077
2583014486
2583014489
2583018210
2583018422
2583018587
2583018662
2583099910
2583019240
2583019270
2583019306
2583019521
2583019514
2583019531
2583019533
2583019568
2583019623
2583019621
2583019643
2583019699
2583019726
2583020548
2583021367
2583022536
2583023486
2583024295
2583024359
2583034541
2583036541
2583024543
2583024546
2583025431
2583094711
2583026983
2583027036
2583028395
2583028573
2583028674
2583028771
2583029747
2583029749
2583029861
2583029908
2583029910
2583029972
2583030762
2583031672
2583107186
2583027888
2583033605
2583034088
2583034211
2583034216
2583124852
2583036427
2583037941
2583037938
2583038655
2583038911
2583040919
2583041339
2583042314
2583100764
2583043369
2583043701
2583774488
2583073314
2583569339
2583039476
2583039975
2583042191
2583042215
2583042201
2583042204
2583042211
2583073919
2583809834
2583061515
2583043111
2583043110
2583043630
2583044271
2583044344
2583050786
2583044481
2583050733
2583054112
2583044809
2583045018
2583045019
2583045045
2583045062
2583045068
2583204088
2583045174
2583045304
2583045434
2583045436
2583045584
2584115230
2583095086
2583045763
2583046049
2583046182
2583043263
2583046290
2583046331
2587082526
2583046427
2583043486
2583043487
2583046428
2583046432
2583046433
2583046563
2583047564
2583048683
2583049404
2583051304
2583052162
2583054640
2583052294
2583052295
2583052337
2583307743
2583331867
2583053593
2583055043
2583057190
2583099919
2583057504
2583057710
2583057838
2583058388
2583058389
2583058390
2583058394
2583058391
2583058396
2583058392
2583058393
2583058395
2583058397
2583058456
2583125694
2583058516
2583058517
2583058546
2583058594
2583061989
2583058630
2583058701
2583058704
2583058756
2583058818
2583058822
2583058903
2583062752
2583059020
2583488958
2583059989
2584600382
2583060907
2583063654
2583071100
2583124671
2583064710
2583064761
2583064775
2583064788
2583064798
2583064807
2583064940
2583064941
2583067812
2583069411
2583069653
2583069775
2583070247
2583149187
2583070332
2583070781
2583143833
2583070881
2583070893
2583077615
2583071018
2583071020
2583071026
2583071057
2583071160
2583071162
2583071256
2583071275
2583072153
2583073019
2583073045
2583073070
2583075362
2583075935
2583075936
2583076820
2586502377
2583078092
2583080050
2583080727
2583081160
2583081270
2583081336
2583082297
2583082400
2583082490
2583082584
2583082593
2583082622
2583082679
2583082821
2583082950
2583082951
2583083035
2583083114
2583083121
2583083132
2583083224
2583083509
2583083539
2583084306
2583736329
2583085233
2583078700
2583087300
2583409424
2583088119
2583088117
2583089018
2583145915
2583089767
2583092304
2583092510
2583092685
2583168647
2583092803
2583093211
2583094227
2583093273
2583093496
2583093498
2583093538
2583093592
2583093595
2583093671
2583094636
2583089670
2583095418
2583095458
2583095508
2583096081
2583096093
2583096158
2583096847
2583096949
2583097679
2583098557
2583098563
2583098606
2583098639
2583098684
2583098777
2583098781
2583455638
2583102935
2583103152
2583103307
2583103379
2583104224
2583104226
2583104264
2583104313
2583104317
2583104385
2583105270
2583106054
2583108291
2583108358
2583122443
2583108943
2583108945
2583111219
2583109418
2583112509
2583215388
2583636725
2583113927
2583112430
2583114087
2583114218
2583114369
2583115245
2583116229
2583178154
2583806619
2583117856
2583117979
2583174353
2583150594
2583118823
2584346634
2583119939
2583115117
2583115124
2583113822
2583113823
2583115139
2583154856
2583138158
2583125836
2583116297
2583116311
2583116971
2583117255
2583118946
2583119096
2583204138
2583119183
2583126786
2583119403
2583119423
2583131071
2583142790
2583120015
2583185482
2583393679
2583120139
2583120141
2583120322
2583120375
2583120394
2583120535
2583120583
2583120587
2583120651
2583120741
2583120786
2583120812
2583689496
2583120938
2583121010
2583200440
2583121415
2583173676
2583142902
2583121537
2583121542
2583121687
2583121760
2583121836
2583121875
2583121908
2583121915
2583121942
2583121948
2583121949
2583123055
2583123171
2583175254
2583123298
2583124559
2583124590
2583125322
2583125327
2583125346
2583127596
2583128607
2583128609
2583128657
2583306205
2583129844
2583129921
2583229272
2583130774
2583133817
2583134028
2583134158
2583134360
2583134494
2583144586
2583135067
2583135070
2583135072
2583135071
2583135073
2583135079
2583135074
2583135075
2583135078
2583135077
2583135126
2583135145
2583226849
2583135205
2583135317
2583135394
2583135396
2583135443
2583135510
2583135513
2583135588
2583135595
2583135712
2583541343
2583136620
2583137832
2583140604
2583140712
2583140854
2583141759
2583141845
2583141867
2583141883
2583142028
2583142027
2583144000
2583145810
2583146438
2583147028
2583147091
2583147269
2583147344
2583147811
2583156090
2583417685
2583148247
2583148249
2583148256
2583148289
2583148352
2583148354
2583148435
2583148448
2583148468
2583142686
2583142692
2583142709
2583142715
2583142729
2583142740
2583142771
2583142775
2583149288
2583149450
2583150383
2583152757
2583153458
2583153462
2583156765
2583154524
2586530028
2583466937
2583302368
2583156579
2583157675
2583162925
2583162924
2583157961
2583169584
2583242567
2583242565
2583242566
2583158883
2583159378
2583189653
2583159579
2583159665
2583189222
2583168167
2583204048
2583160666
2583172706
2583250881
2583160763
2583160799
2583160928
2583161071
2583161215
2583161219
2583179667
2583175180
2583161316
2583161392
2583161395
2583168867
2583161528
2583161802
2583161834
2583153858
2583162732
2583163722
2583155611
2583164424
2583166045
2583481833
2583166856
2583166858
2583179284
2583380157
2583253163
2583280723
2583170885
2583170883
2583171107
2583171294
2583171425
2583173411
2583172916
2583171906
2583172133
2583172135
2583172169
2583172240
2583172243
2583172319
2583173269
2583174292
2583176589
2583203493
2583177558
2583177601
2583177616
2583177638
2583177784
2583177787
2583182104
2583182277
2583182441
2583203087
2583182546
2583183313
2583183315
2583183350
2583183406
2583183410
2583183446
2583183477
2583183531
2583184444
2583185253
2583187240
2583187329
2583200778
2583187944
2583187938
2583190320
2583190904
2583192769
2583193068
2583193123
2583193177
2583329192
2583193351
2583193814
2583194060
2583194539
2583258865
2583802315
2583194751
2583194928
2583228700
2583195579
2583196222
2583196274
2583197198
2584168206
2583197287
2583197288
2583197290
2583197297
2583197293
2583197324
2583197381
2583229753
2583229375
2583197548
2583197568
2583197577
2583197603
2583197648
2583197836
2583197880
2583197970
2583198009
2583198231
2583204310
2583202015
2583198444
2583198457
2583198698
2583198873
2583198909
2583766996
2583199012
2583199013
2583199195
2583199237
2583199343
2583199391
2583199393
2583199542
2583199763
2583199967
2583200191
2583281580
2583216892
2583200288
2583200293
2583200406
2583200403
2583200502
2583200501
2583200601
2583201481
2583201614
2583201635
2583202976
2583203771
2583251149
2583206044
2583206285
2583206968
2583210263
2583207085
2583207086
2583207126
2583412181
2583359668
2583208364
2583208413
2583208934
2583208936
2583208946
2583211545
2583212101
2583212402
2583212622
2583220721
2583212747
2583213448
2583213449
2583213451
2583213450
2583213452
2583213453
2583213455
2583213454
2583213456
2583213457
2583213523
2583213595
2583213711
2583323649
2583213788
2583213787
2583213839
2583213914
2583213917
2583214005
2583214144
2583583703
2583215009
2583216037
2583216658
2583218498
2583218567
2583245466
2583257641
2583219698
2583219718
2583219753
2583219744
2583219884
2583219879
2583215328
2583223120
2583224688
2583224956
2583225017
2583225161
2583225199
2583225198
2583225253
2583225930
2583225944
2583225934
2583225936
2583225937
2583225951
2583225959
2583225985
2583226029
2583324767
2583226132
2583226258
2583226260
2583226268
2583226308
2583226366
2583226369
2583226465
2583226481
2583226673
2583227445
2583228459
2583229176
2583230973
2583231661
2583231659
2583232668
2583233228
2586571269
2583228713
2583228920
2583236082
2583251151
2583236256
2583236595
2583236739
2583237375
2583238065
2583238130
2583318023
2583851566
2583238642
2583238778
2583238824
2583238870
2583238924
2583237146
2583239063
2583239215
2583239217
2583239306
2583239380
2583239386
2583239496
2583239662
2583239787
2583239926
2583240853
2583240888
2583241749
2583244029
2583489562
2583244743
2583244750
2583809441
2583809442
2583245793
2583326320
2583247399
2583248807
2583249363
2583249517
2583249610
2583250033
2583250222
2583250258
2583250448
2583250447
2583250546
2583250548
2583250630
2583269513
2583251556
2583252635
2583247599
2583255270
2583289696
2583256114
2583256165
2583256206
2583256222
2583256241
2583256289
2583256377
2583256379
2583258449
2583260854
2583261007
2583261515
2583261590
2583262366
2583262368
2583262453
2583262457
2583262530
2583263469
2583264448
2583266611
2583266939
2583267132
2583267141
2583269787
2583272296
2583272317
2583272322
2583272447
2583272741
2583272808
2583272881
2583272893
2583272883
2583272894
2583272900
2583272913
2583272916
2583273051
2583273318
2583273294
2583273683
2583274169
2583331758
2583274323
2583274339
2583274407
2583274477
2583274481
2583274491
2583274556
2583306965
2583275056
2583331809
2584066949
2583275749
2583288712
2583276893
2583276895
2583272459
2583276900
2583276899
2583305154
2583322802
2583277197
2583277198
2583321555
2583277245
2583396850
2583277730
2583392367
2583277865
2583277938
2583278088
2583278098
2583278345
2583311023
2583278653
2583278656
2583278844
2583278958
2583279003
2583279009
2583279147
2583279334
2583279738
2583279851
2583279856
2583279886
2583279887
2583276569
2583276579
2583279981
2583279982
2583280128
2583288748
2583281101
2583281123
2583282048
2583282233
2583282311
2583283226
2583285122
2583285295
2583286358
2583286372
2583286378
2583286412
2583404934
2583287671
2583368692
2583340555
2583290934
2583291649
2583291700
2583291813
2583291935
2583292024
2583292041
2583292051
2583387057
2583292527
2583412932
2583292584
2583294279
2583292735
2583339439
2583292804
2583292807
2583292857
2583292930
2583292936
2583293020
2583293136
2583796774
2583293893
2583293945
2583294902
2583296362
2583290575
2583297406
2583297620
2583297798
2583357045
2583307924
2583298292
2583298311
2583313240
2583298414
2583298432
2583298456
2583298541
2583298559
2583307630
2583298599
2583298603
2583298612
2583452290
2583301490
2583303014
2583303147
2583303236
2583303428
2583361923
2583303834
2583304291
2583480581
2583304616
2583304620
2583304619
2583304665
2583304717
2583304725
2583304818
2583304832
2583305762
2583306616
2583306717
2583309034
2583309623
2583309626
2583309714
2587768887
2583307138
2583313525
2583318779
2583318781
2583310247
2583314650
2583315051
2583315173
2583315205
2583315265
2583326130
2583386024
2583316409
2583316686
2583453056
2583316745
2583316806
2583316947
2583317070
2583317074
2583317157
2583317233
2583317237
2583317243
2583321245
2583317341
2583317608
2583317641
2583318599
2583319596
2583321751
2583326295
2583613124
2583322520
2583322523
2583322524
2583330448
2583323531
2583394800
2583395151
2583326885
2583327141
2583327347
2583327399
2583327458
2583327757
2583331875
2583327787
2583327828
2583327950
2583328124
2583328127
2583328164
2583328225
2583328227
2583328294
2583340096
2583328315
2583329032
2583329934
2583332261
2583358898
2583333136
2583333168
2583333191
2583333189
2583333206
2583333247
2583333341
2583333343
2583333348
2583337235
2583337390
2583337565
2583337933
2583339343
2583338404
2583338440
2583338589
2583338592
2583338742
2583338746
2583338813
2583338850
2583418413
2583339634
2583334503
2583340539
2583342576
2583343220
2583343313
2583343316
2583343443
2583345028
2583345919
2583347305
2583347318
2583347466
2583347614
2583347826
2583405004
2583523508
2583349072
2583349844
2583402420
2583349972
2583350134
2583381470
2583350554
2583350624
2583351279
2583352097
2583352116
2583352083
2583352103
2583352096
2583380087
2583380127
2583352872
2583352876
2583353752
2583566884
2583354162
2583354518
2583354580
2583354700
2583354709
2583354991
2583355198
2583355201
2583355357
2586806116
2583738627
2583352567
2583352622
2583352644
2583352742
2583352857
2583353102
2583353301
2583353319
2583353513
2583353530
2583386435
2583369783
2583353614
2583353617
2583362560
2583362562
2583357624
2583354408
2583356326
2583356418
2583357488
2583358145
2583360267
2583361274
2583361278
2583361314
2583476379
2583478213
2583615990
2583368839
2583362453
2583416438
2583404463
2583363066
2583365535
2583374597
2583365759
2583365996
2583366150
2583517693
2583366962
2583368661
2583367077
2583367154
2583367155
2583367210
2583367273
2583367276
2583367355
2583367477
2583744561
2583368334
2583374782
2583369250
2583372164
2583410031
2583373113
2583373131
2583373157
2583373298
2583373338
2583373334
2583373375
2583373378
2583373390
2583373485
2583369571
2583377612
2583377820
2583377928
2583378090
2583378499
2583378981
2583533817
2583379235
2583379232
2583379240
2583379297
2583379329
2583379386
2583379389
2583379476
2583379493
2583373830
2583374036
2583380287
2583380291
2583381197
2583383531
2583384582
2583384052
2583384054
2583384188
2583384196
2583384491
2583384500
2583385024
2587768888
2583381648
2583387832
2583388310
2583389241
2583389401
2583389459
2583390221
2583390785
2583390825
2583390886
2583390896
2583391086
2584416809
2583391215
2583391213
2583391305
2583391383
2583391385
2583391389
2583393223
2583391482
2583391654
2583391741
2583391766
2583391804
2583392640
2583393552
2583386633
2583395720
2583687684
2583396218
2583396306
2583396308
2583448728
2583400175
2583400305
2583400428
2583400510
2583401308
2583401342
2583401440
2583401573
2583401576
2583401671
2583401683
2583401800
2583401836
2583402610
2583403549
2583405575
2583405816
2583432734
2583406340
2583406357
2583406396
2583406529
2583406535
2583418967
2583409717
2583410588
2583410785
2583410896
2583410966
2583414558
2583411730
2583411731
2583411769
2583411822
2583411821
2583411886
2583412682
2583413615
2583415482
2583416131
2583416132
2583416136
2583418120
2583415068
2583419715
2583419913
2583429995
2583429994
2583420061
2583603908
2583420828
2583466610
2583422561
2583422799
2583422878
2583423035
2583423416
2583423977
2583424478
2583424861
2583424856
2583424865
2583424866
2583424868
2583424917
2583425005
2583425152
2583465352
2583425265
2583450321
2583425476
2583425478
2583425506
2583425536
2583425664
2583425714
2583425956
2583795083
2583436202
2583426146
2583426210
2583426428
2583426436
2583447373
2583426999
2583427003
2583427196
2583427316
2583427339
2583770839
2583427368
2583427370
2583427393
2583427514
2583427728
2583464706
2583427875
2583427945
2583428002
2583428028
2583594316
2583594317
2583594318
2583428191
2583443952
2583428312
2583428317
2583428497
2583467720
2583428622
2584967664
2583475802
2583429536
2583429630
2583430598
2583431436
2583433105
2583434281
2583434308
2583434312
2583434353
2583434440
2583434463
2583434483
2583435663
2583459997
2583470665
2583435698
2583438999
2583439329
2583439509
2583439629
2583440334
2583440506
2583440572
2583441370
2583440693
2583541881
2583440769
2583440772
2583440827
2583440908
2583440911
2583440916
2583440999
2583441146
2583453638
2583924432
2583441862
2583442742
2583445300
2583479764
2583459584
2583651860
2583446493
2583446512
2583446538
2583446639
2583446680
2583446681
2583446779
2583446949
2583450715
2583450816
2583450868
2583451048
2583509136
2583451143
2583451892
2583537970
2583452270
2583452264
2583452265
2583452332
2583452390
2583452394
2583452400
2583452485
2583452502
2583452685
2583453341
2583454285
2583456117
2583456969
2583456971
2583457042
2583637176
2583460770
2584003434
2583460999
2583461130
2583461365
2583461515
2583461709
2583461861
2583461916
2583462798
2583462863
2583514365
2583463041
2583463040
2583475669
2583607653
2583463294
2583463322
2583463386
2583463528
2583463668
2583463671
2583463759
2583463816
2583463836
2583463839
2583463849
2583463856
2583463949
2583464480
2583470434
2583464263
2583464296
2583464978
2583458193
2583465861
2583466494
2583468041
2583468112
2583708840
2583468584
2583468595
2583468598
2583468668
2584094202
2584094203
2583468685
2583471644
2583472430
2583472647
2583472805
2583472879
2583473529
2583473570
2583616131
2583473795
2583473797
2583473833
2583473894
2583473895
2583473903
2583473946
2583476477
2583473962
2583474769
2583475603
2583476093
2583477558
2583488982
2583478487
2583478502
2583478525
2583484174
2583478665
2583478669
2583478758
2583485655
2583479616
2583482055
2583482200
2583482695
2583482811
2583483501
2583483504
2583483542
2583483589
2583483594
2583483597
2583483663
2583484453
2583485343
2583487054
2583505585
2583487798
2583487800
2583487865
2583489958
2583491941
2583492223
2583500153
2583500163
2583492359
2583492346
2583492348
2583492488
2583492914
2583533330
2583493604
2583493704
2583494107
2583495529
2583495861
2583495859
2583495866
2583495865
2583495867
2583620872
2583524627
2583496100
2583496101
2583496148
2583496283
2583496282
2583496602
2583496625
2583500816
2583496683
2583496716
2583496802
2583496799
2583496917
2583497267
2583497268
2583497436
2583497565
2583497612
2583497614
2583497638
2583497747
2583497797
2583497906
2583497953
2583498164
2583498296
2583516290
2583498477
2583498482
2583498588
2583498613
2583498614
2583498615
2583498616
2583495478
2583495482
2583498627
2583498628
2583498630
2583498632
2583498650
2583507833
2583488304
2583499616
2583499633
2583766385
2583499745
2583500605
2583501278
2583503025
2583503389
2583504131
2583504134
2583504175
2583504229
2583505731
2583505806
2583505246
2583505302
2583506011
2583506009
2583506008
2583506023
2583508368
2583508660
2583508839
2583508942
2583509762
2583509779
2583509833
2583512696
2583737307
2583509947
2583510025
2583510026
2583510040
2583510080
2583510145
2583510147
2583510152
2583510191
2583510261
2583510381
2583510430
2583786938
2583511014
2583511471
2583512381
2583514777
2583514851
2583515081
2583539212
2583556882
2583515988
2583516006
2583516032
2583516136
2583516174
2583516176
2583516193
2583516294
2583517492
2583518032
2583519885
2583520214
2583520322
2583520538
2583520678
2583521113
2583521126
2583521363
2583521365
2583521371
2583521375
2583521402
2583521461
2583521465
2583521472
2583521496
2583521559
2583521577
2583522515
2583660812
2583523414
2583523172
2583524435
2583524936
2583525856
2583525857
2583525858
2583525871
2583525925
2583527503
2583527396
2583527452
2583529526
2583529776
2583530145
2583530629
2583530755
2583530823
2583531838
2583531871
2583531928
2583532081
2583532130
2583532220
2583532222
2583532313
2583532400
2583532406
2583532409
2583532464
2583532504
2583595385
2583532797
2583532830
2583533588
2583534763
2583534362
2583536047
2583737309
2583536672
2583536797
2583536799
2583537297
2583536866
2583536879
2583679411
2583538705
2583535777
2583539985
2583540211
2583540567
2583540643
2583541054
2583541122
2583541288
2583541429
2583541464
2583541466
2583541471
2583541507
2583541560
2583541562
2583543156
2583541572
2583541617
2583541650
2583542281
2583542972
2583543574
2583544854
2583545612
2583545627
2583545669
2583552002
2583545803
2583545807
2583545816
2583545892
2583545912
2583546147
2583547930
2583548916
2583549165
2583549337
2583549380
2583549678
2583578201
2583555866
2583550269
2583550271
2583550284
2583550307
2583550355
2583550360
2583550366
2583550393
2583550481
2583551189
2583551197
2583551935
2583552593
2583553691
2583554235
2583554236
2583554243
2583554302
2583554316
2583556454
2583556229
2583557633
2583557624
2583557632
2583557677
2583564071
2583557065
2583557968
2583558085
2583558326
2583558375
2583558504
2583558692
2583558786
2583559086
2583560414
2583606880
2583560585
2583560666
2583560925
2584808572
2583561228
2583561307
2583561835
2583562373
2583562441
2583558391
2583562445
2583562448
2583562446
2583654458
2583584567
2583562692
2583562694
2583562914
2583563218
2583563223
2583563352
2583567871
2583563424
2583563470
2583563543
2583563554
2583739755
2583563847
2583566883
2583568037
2583563942
2583564124
2583564129
2583564171
2583564296
2583564347
2583564409
2583564455
2583564454
2583564476
2583564595
2583564670
2583564779
2583564784
2583565215
2583583750
2583565326
2583565332
2583565484
2583565487
2583562200
2583565489
2583565727
2583575020
2583566454
2583566481
2583566606
2583567514
2583568159
2583568757
2583569828
2583571246
2583571248
2583571260
2583571290
2583571347
2583571368
2583674519
2583572321
2583572456
2583574851
2583575893
2583576260
2583576480
2583576524
2583576610
2583580045
2583577387
2583577452
2583577456
2583578162
2583577569
2583577644
2583577645
2583577667
2583577693
2583577773
2583577775
2583577780
2583577820
2583577857
2583577982
2583896036
2583578658
2583579512
2583579578
2583573283
2583580183
2583580955
2583581575
2583623286
2583582777
2583582794
2583582800
2583582817
2583582866
2583582963
2583582966
2583582981
2583583071
2583578964
2583586150
2583586757
2583587083
2583587212
2583587413
2583587574
2583588011
2583588079
2583588089
2583588190
2583588327
2583588336
2583588339
2583588343
2583588350
2583588388
2583588449
2583588452
2583588460
2583588509
2583588550
2583588563
2583589360
2583590371
2583585097
2583591986
2583592392
2583593013
2583593130
2583593132
2583593136
2583593194
2583593208
2583596068
2583597077
2583597782
2583597877
2583621808
2583598176
2583598323
2583598380
2583635756
2583598542
2583598617
2583598838
2583602992
2583605940
2583599634
2583599676
2583599732
2583599891
2583600029
2583600032
2583600059
2583600122
2583600203
2583600205
2583600218
2583600276
2583600306
2583611328
2583600612
2583600646
2583601380
2583602171
2583602834
2583603905
2583604170
2583782776
2583605049
2583605051
2583605057
2583610753
2583605124
2583605164
2583605303
2583681163
2583608674
2583608825
2583608924
2583609313
2583609775
2583609874
2583610607
2583610168
2583610171
2583610182
2583610214
2583610268
2583610274
2583610276
2583610325
2583610329
2583610344
2583605684
2583611197
2583611957
2583613668
2583615956
2583614706
2583614722
2583614744
2583615360
2583614788
2583614850
2583614876
2583614879
2583614892
2583614973
2583614990
2583617570
2583616333
2583612606
2583613341
2583618210
2583618411
2583618563
2583618642
2583619483
2583619514
2583619516
2583619525
2583619557
2583619602
2583619604
2583619610
2583625319
2583619720
2583620442
2583621186
2583617557
2583622945
2583626605
2583623657
2583623660
2583623669
2583623725
2583643175
2583625571
2583627230
2583627231
2583627677
2583627682
2583628131
2583628254
2583628568
2583678404
2583681257
2583675623
2583629248
2583629311
2583663579
2583629692
2583630116
2583631370
2583631533
2583631530
2583631538
2583631541
2583631537
2583631593
2583678983
2583631731
2583631767
2583631768
2583631800
2583631842
2583671077
2583632207
2583632322
2583632379
2583632498
2583632507
2583632575
2583671382
2583643319
2583632970
2583632973
2583633007
2583633110
2583633225
2583633272
2583633275
2583633308
2583633432
2583633495
2583633602
2583633792
2583646657
2583646658
2583646659
2583633983
2583652337
2583634092
2583634094
2583634369
2583631440
2583635257
2583635282
2583636383
2583637023
2583638837
2583639984
2583639986
2583639994
2583640027
2583640083
2583641054
2583670273
2583641089
2583641552
2583641588
2583643853
2583643936
2583644155
2583644345
2583644460
2583653115
2583645424
2583646086
2583645547
2583744858
2583645628
2583645631
2583645647
2583645679
2583645726
2583645729
2583645735
2583645817
2583645964
2583967564
2583646707
2583647368
2583647501
2583649636
2583649945
2584037399
2583692228
2583650931
2583650948
2583650972
2583651119
2583651127
2583651132
2583651138
2583651193
2583646476
2583654790
2583655026
2583655152
2583655321
2583671356
2583655397
2583655976
2583656286
2583656293
2583656295
2583656314
2583656374
2583656424
2583656427
2583656436
2583656602
2583656617
2583656659
2583657437
2583658310
2583660196
2583660848
2583660987
2583660989
2583661001
2583661029
2583662502
2583665363
2583666061
2583666486
2583666626
2583666703
2583667953
2583681160
2583668065
2583668247
2583668283
2583668385
2583668547
2583786807
2583668682
2583668684
2583668716
2583668774
2583668819
2583668821
2583668828
2583668927
2583669217
2583669249
2583670096
2583670949
2583672749
2583795407
2583673416
2583673419
2583673426
2583673457
2583676936
2583677068
2583677226
2583677298
2583677857
2583677924
2583678302
2583678306
2583678321
2583678343
2583678417
2583678419
2583678428
2583678494
2583679242
2583680026
2583681747
2583682141
2583682563
2583682578
2583682606
2583682607
2583682655
2583682805
2583682803
2583682816
2583682914
2583764147
2583685769
2583686341
2583686490
2583686554
2583693209
2583687150
2583687292
2583687293
2583687299
2583687377
2583687380
2583687383
2583687446
2583683222
2583688188
2583684132
2583688787
2583688838
2583690540
2583691080
2583691103
2583691195
2583691198
2583691210
2583691264
2583691307
2583692957
2583693625
2583693624
2583694058
2583694391
2583694519
2583694745
2583740127
2583696189
2583696308
2583696444
2583725664
2583696710
2583740179
2583697128
2583697428
2583714832
2583697771
2583697763
2583695157
2583697767
2583697826
2583725654
2583698310
2583698365
2583698367
2583698338
2583698663
2583699352
2583699432
2583699620
2583699739
2583699761
2583699801
2583702965
2583699930
2583699938
2583700167
2583700207
2583700413
2583700416
2583700419
2583700425
2583700453
2585190363
2583700492
2583700699
2583700739
2583700745
2583700767
2583700854
2583700910
2583701085
2583701273
2583701343
2583701358
2583701500
2583720146
2583701617
2583701619
2583783535
2583701930
2583702740
2583702767
2583702902
2583703889
2583704615
2583706334
2583707370
2583707373
2583707391
2583707409
2583707469
2583707714
2583708555
2583708567
2583709287
2583711788
2583712068
2583712244
2583712696
2583713157
2585419648
2583713407
2583713463
2583713634
2584023958
2583713584
2583753146
2583713701
2583713702
2583713716
2583713749
2583713815
2583713818
2583713823
2583713893
2583714020
2584121616
2583714643
2583714170
2583715511
2583717206
2583717694
2583744526
2583718597
2583718615
2583718640
2583718784
2583718787
2583718794
2583718882
2583718886
2583719129
2583722012
2583722534
2583722602
2583722747
2583722806
2583723309
2583723814
2583723815
2583723818
2583723829
2583723859
2583723924
2583723922
2583723928
2583724019
2583724037
2583724156
2583724728
2583725437
2583727032
2583727859
2583727861
2583727873
2583735063
2583727931
2583727935
2583727933
2583729740
2583730755
2583731334
2583731999
2583732061
2583732140
2583732222
2583732618
2583733538
2583733598
2583733691
2583733869
2583734009
2583734012
2583734039
2583734175
2583734178
2583734186
2583734287
2583734546
2583734571
2583734583
2583734603
2583734627
2583734628
2583735300
2583735931
2583737577
2584023965
2583738290
2583738296
2583738293
2583738362
2583738367
2583740865
2583741040
2583741170
2583741444
2583741757
2583741825
2583742346
2583742349
2583742360
2583742389
2583742445
2583742448
2583742454
2583742526
2583743067
2583743714
2583745186
2583745965
2583755858
2583746191
2583746231
2583746259
2583746439
2583746440
2583746451
2583746526
2583749721
2583749979
2583750157
2583750182
2583750269
2583752953
2583756321
2583751128
2583751130
2583751140
2583751165
2583751214
2583751217
2583751221
2583751227
2583751293
2583751336
2583751334
2583751903
2583752512
2583747796
2583753800
2583754493
2583754498
2583754504
2583754560
2583754574
2583754578
2583752931
2583756172
2583756510
2583756582
2583756578
2583756590
2583757207
2583757454
2583757601
2583802646
2583758989
2583759033
2583783597
2583759437
2583759857
2583760442
2583760446
2583760472
2583760461
2583760473
2583778952
2583760835
2583760886
2583760971
2583760972
2583761034
2583761837
2583765728
2583761887
2583764861
2583793201
2583761974
2583762003
2583762005
2583762073
2583764954
2583762450
2583762454
2583762500
2583762591
2583762699
2583762740
2583762744
2583762762
2583762876
2583766906
2583763031
2583771324
2583763410
2583763521
2583763520
2583763571
2583764468
2583764483
2583765454
2583765955
2583766283
2583767359
2583768411
2583768412
2583768421
2583768449
2583771384
2583768504
2583775357
2583769466
2583769949
2583771719
2583772011
2583772173
2583772280
2583773165
2583773647
2583773231
2583773274
2583773343
2583773344
2583773366
2583773396
2583773462
2583773463
2583773470
2583773540
2583773675
2585214527
2583774203
2583774854
2583776450
2583776665
2583796293
2583777684
2583777700
2583777725
2583777846
2583777864
2583777868
2583777877
2583777976
2583777983
2583778058
2583780766
2583780906
2583780985
2583781168
2583781279
2583781284
2583781821
2583782054
2583782056
2583782063
2583782073
2583782095
2583782153
2583782159
2583782169
2583782248
2583782263
2583782897
2583783474
2583799347
2583784801
2583785409
2583785411
2583785419
2583785479
2583785616
2583787684
2583787967
2583788282
2583788413
2583788483
2583789973
2583793091
2583790160
2583790196
2583790250
2583790391
2583790574
2583790573
2583790602
2583790660
2583790737
2583790738
2583790747
2583790835
2583791082
2583791099
2583791131
2584505475
2583791283
2583791275
2583791652
2583791694
2583792236
2583792300
2583792329
2583792978
2583793460
2583793811
2584133454
2583794572
2583794581
2583794580
2583794588
2583794648
2583794651
2583794664
2583794795
2583794794
2583913512
2583795342
2583795755
2583796257
2583796593
2583797286
2583797518
2583797693
2583797804
2583798162
2583798307
2583798438
2583798442
2583798454
2583798537
2583798541
2583798552
2583798610
2583798698
2583798815
2583798814
2583799097
2583799185
2583799679
2583799705
2583800787
2583801720
2583801734
2583801743
2583801752
2583801889
2583801890
2583801896
2583801972
2583801976
2583802041
2583802242
2583800105
2583804042
2583804239
2583804387
2583804769
2583805284
2585874314
2583805438
2583805440
2583805455
2583805477
2583805532
2583805533
2583805536
2583805580
2583805602
2583805631
2583805644
2583805688
2583939140
2583805794
2583806077
2583806496
2583807412
2583807927
2583807935
2583808113
2583808115
2583808122
2583808179
2583808321
2583809398
2584794606
2583998847
2587908772
2587942260
2587974252
2589329266
2584952328
2591904828
2589357387
2585190285
2585235355
2585903985
2585938064
2586035675
2586051623
2586068829
2586120513
2586135294
2586153149
2586163362
2589522949
2586174232
2586218134
2586231206
2586247063
2586257602
2586268152
2586320366
2586345537
2586356345
2586379549
2586425172
2586434298
2586447151
2586489562
2586503573
2586518614
2586530950
2586541370
2586574751
2586592912
2586609144
2590422486
2590697634
2591211652
2591415826
2591531787
2591147008
2593424136
2593543635
2593543634
2593982893